 133.84597056677 157.117504860237 0.512436730984996
 158.144686835878 176.18382165703 0.558457063564132
 51.544717866072 169.760162329281 0.510574601403239
 231.484421666208 175.936012349425 0.521277358134178
 261.129897580319 177.793589331697 0.572864274940605
 198.678202221152 175.007623863111 0.570494951999149
 48.9595429848141 174.089964182697 0.535916318248259
 107.277390720171 165.962383894714 0.600906986070405
 175.132494026047 174.031787952942 0.546063365519127
 337.456580994591 170.457815561765 0.513802085806753
 139.530588352412 169.424844655594 0.595882251745265
 95.6712750903044 176.230587542622 0.58268925484837
 11.0486561382782 174.769011285046 0.576250704142721
 149.767971046309 163.319011306883 0.587265956984167
 151.247947814724 168.768794471704 0.539340761550801
 113.604822589302 169.623776196633 0.53989242051553
 62.0514740602269 179.200263477759 0.572673384192408
 123.177707502156 175.254551196688 0.561875535367952
 245.05795348689 170.504152534781 0.542302268066135
 85.7631764641844 176.03499731739 0.523208120263943
 222.730772385311 173.424416522053 0.582315263335104
 302.13021572248 166.796580647173 0.565792255774975
 107.874662105202 173.080633483942 0.572317826213234
 134.177261581332 159.075357155925 0.584931082227553
 168.886288213363 164.142016526435 0.533205167316698
 104.891513253451 170.137048978969 0.563560195183832
 180.92770743844 167.647962580585 0.519610669284336
 170.424162324027 168.779189372206 0.573094091764054
 108.03386487375 165.978167668955 0.537963204795455
 226.767500841069 175.016077031038 0.53839985022378
 183.519028242825 170.561679611873 0.557056837300604
 114.891853905699 168.666445417994 0.559866884289621
 27.5091684876323 169.944492176909 0.526819753410282
 123.004757551872 168.887465347375 0.601428386378283
 138.280456387022 174.032410708537 0.583623313616083
 125.596001535871 173.716399544449 0.554516921296589
 192.778372360305 178.856032358336 0.574631579307248
 117.284316149353 167.408700970713 0.625814778244335
 272.744388999116 176.548416648582 0.549275596165353
 191.181463426837 176.357262957515 0.575217711158872
 202.251956063469 171.61141194687 0.560476776459571
 182.329482391107 172.145053016337 0.553423844018491
 106.016825430772 174.327468631767 0.556753425871591
 112.219774410444 174.009276721044 0.562233214963112
 87.5672441109701 162.076686432713 0.589918684459154
 85.8539427701526 173.911971539069 0.616010443486359
 267.386697771635 166.592056393237 0.577074303551497
 99.515612862827 172.910322491437 0.613283327465286
 357.9430324466 174.543746312967 0.588852992237302
 166.880068459528 162.308327795161 0.574992673419183
 236.173826082555 175.323172812021 0.499024275855626
 69.0827536670495 177.556432926911 0.615885154374693
 88.5464032271995 170.078634066813 0.536863195424016
 113.811769462235 172.16011379916 0.535268788303741
 354.287484252149 173.600130076569 0.549403331437493
 128.882632475734 163.108639961953 0.607274079092275
 216.428781756176 170.144478820431 0.55653059063445
 148.530578818923 175.138311635596 0.546341554623318
 109.309271441686 176.792084990217 0.585007485423618
 25.2204633287139 173.22533863664 0.574033918448828
 60.796908301835 178.905340535351 0.602235418338463
 219.956714342565 173.386210927041 0.636022736785849
 109.569881728207 162.636214267296 0.543762725919312
 141.950690983675 173.759236947238 0.574999651409846
 138.878083955996 168.9322874616 0.524673028626712
 115.529082713721 171.697099868609 0.566775571237629
 116.418267661818 168.840030448595 0.601891121938606
 90.30539562127 176.694145643393 0.527222963984314
 117.099137667285 177.793160473327 0.574590618255287
 90.5451805242771 172.87960258947 0.531380569995317
 108.79765293672 171.701857389154 0.527320937405235
 89.2375685844592 171.591841474273 0.540461550039426
 136.997877913507 175.506413880199 0.503035702341205
 178.447752384558 170.817567108895 0.576634393165827
 10.4910299534261 176.136360723186 0.541765999165573
 104.34012622466 164.366804209529 0.521339898523065
 82.7416750865218 179.287886436746 0.556295352812753
 280.169585763348 173.185242095988 0.520092325728303
 31.9784531053943 175.610423257407 0.54714028684208
 124.45790025752 96.7555545983412 0.745365413281948
 149.510897597521 92.7485268243828 0.752530119173201
 147.400638297767 92.587103082841 0.759644408338476
 141.483745305854 90.1146718281358 0.763693402421344
 141.116161162774 94.3809650826204 0.805936156802355
 94.3444535733819 94.0808223701057 0.742328278947232
 152.39260542754 89.9781915567058 0.807203579748193
 142.507802078583 93.6136563529852 0.83100513479674
 140.972629709874 89.2340398286449 0.831926721005992
 139.057919594779 95.1405191662234 0.729163563047447
 130.764548471517 97.9126878044455 0.787603370146282
 132.259899421428 93.3645230996719 0.794125586000404
 130.691556576474 93.4169880520822 0.696818904579197
 151.227445757982 90.9809233275512 0.770909287508148
 147.386282758718 93.9240724826367 0.786283254066732
 146.75355025771 89.5907321933709 0.740747240161176
 149.186433735148 96.3490519211216 0.761664800404788
 127.994037599796 96.131008690595 0.671508632976434
 151.961508455511 94.0729254656916 0.747407070648051
 154.729525742095 94.1689675406718 0.712281073603246
 143.034517791372 90.8571614381974 0.788583282740401
 312.968042476309 176.245802346919 0.563999618382597
 246.473976115965 176.741184530709 0.562539851614624
 211.924466838362 165.701849417644 0.545557068701912
 96.7022495045336 163.193673960468 0.508222663893114
 61.29083387219 172.552526571497 0.602010450412174
 233.750706774303 168.318112918789 0.524084292888958
 289.58568879934 172.835865016151 0.516124075126149
 243.598814624239 168.099710986349 0.486080875335933
 46.1661252568017 173.4296049222 0.565177077411298
 123.378243915586 172.438162051931 0.583174690989309
 247.553925293489 170.207409560158 0.547133804439799
 96.1533767069191 176.118807715833 0.584664357335664
 246.406291446514 170.993630959596 0.559588780147612
 161.790588390128 169.212075482009 0.584925561236646
 258.216211393043 171.344168806622 0.610171729741478
 141.59384696684 168.614462129619 0.597402042130464
 168.820828755905 178.633781088106 0.623165753293117
 62.533669188081 172.337965701021 0.560155849319003
 160.475155393618 167.933051201042 0.535671667486112
 196.473988371133 175.757728753572 0.635632255858995
 152.787356813683 162.159248310521 0.559573120338103
 197.70511216963 171.283046652456 0.586636965902974
 146.14219508935 165.908923090354 0.612735961524522
 133.092367876161 169.36480130653 0.595968511313171
 191.705633425059 177.796860909041 0.519832838557484
 66.8393043712744 173.029601547453 0.517559516979748
 93.9467546304687 173.433055734435 0.552579228157376
 110.658053338421 175.504196736726 0.609190412384528
 134.740432394933 169.191808005745 0.53617127384709
 46.5272557429245 169.653884488424 0.503107936133505
 327.561430135036 169.124794668223 0.562285495939586
 149.409456432724 173.665874972359 0.547663142649861
 156.105283734953 166.239363867352 0.61660743161009
 203.709560124683 170.904536538206 0.644833548741609
 203.839580173657 171.828332077817 0.593158614954861
 88.3287090664046 177.557601015085 0.554317375514703
 143.515130641213 172.845733810847 0.56549105435728
 33.0223660903033 177.152425847255 0.479536417160161
 161.495515049446 166.037239827357 0.563348218054685
 206.864633508933 177.417025541142 0.540897442630248
 241.461749085199 178.559002905203 0.522510720811878
 200.387666627081 175.951315737412 0.600415724108675
 125.644593900003 167.455839625603 0.607358508576446
 122.277485828797 172.859017943379 0.60981355941534
 97.3851959645039 172.295914733512 0.650564793723685
 109.164732192193 171.331580879824 0.600100091130734
 216.934456798311 174.251997094802 0.635003162554701
 199.246648822182 174.547609963074 0.614176590508291
 93.0416628536964 176.170648190497 0.56085157770691
 137.569124064654 166.700835721381 0.573011990150337
 84.2728746743485 176.060292207739 0.619351530395273
 147.645702293005 171.747764394376 0.621799325256703
 291.046032442385 172.721069005837 0.547556489686871
 347.735030137978 176.73496657896 0.566498425394588
 168.908685086364 174.005972899433 0.516422021111127
 146.935440668318 169.414220430355 0.571279614261314
 166.397361665484 165.780536334546 0.558007430941604
 141.21860842014 173.707472993422 0.534785168767519
 176.556761511666 176.275476133287 0.661495937343949
 109.653212908455 173.41603439786 0.560833743378349
 169.2517898292 174.218765678812 0.559264337823368
 112.432595673055 174.376402148546 0.539388742746986
 82.7902769793824 174.735530093863 0.574669930881124
 114.045497450423 169.452491557573 0.576919049237852
 301.919194715607 176.484102599765 0.502969461987567
 70.202431643482 177.651358808173 0.509065276805779
 126.877425479273 178.083324794011 0.588777431145815
 164.829618440913 173.387399489517 0.554959850519773
 248.289878591356 175.800504785303 0.536928103781
 124.241837318401 176.057340777427 0.534943773889002
 90.5740222164387 162.331181051618 0.519519447997222
 95.0378160988345 173.128389767436 0.488624131633035
 107.888265547393 173.123815758239 0.547875694682738
 138.062775721738 169.277645653993 0.612894427646003
 276.093627925854 175.757654298285 0.632238313625926
 13.3233184017462 174.290289939811 0.549266396322074
 121.867118773369 176.831100871131 0.580033399223957
 105.652774564103 169.514246961514 0.55144316896364
 111.3741964366 166.815886735765 0.586369230722811
 167.930678483614 176.852567823919 0.61294160519823
 152.078339169756 173.834065136393 0.594279315725748
 168.093865442183 169.637081543133 0.581647346792916
 148.003971522907 168.17230038072 0.616569573152993
 70.2965008099845 168.092400203702 0.552318714292724
 254.265977118243 172.79383539757 0.53065772493664
 113.253400049844 165.925537972702 0.616067427127895
 123.728972236699 173.133699391506 0.563628779951517
 180.021478350861 171.316955436381 0.605725602543305
 74.5723021634665 160.395611770806 0.546257499469892
 83.1828969769407 169.608082087363 0.567030892771155
 310.203588738966 177.729555311778 0.564586722101748
 247.922028303146 177.111232555783 0.584815051780855
 141.167998390794 171.233161851835 0.60896802039613
 156.37154480461 168.135205273375 0.579820846452874
 157.571408539332 177.388326857989 0.550104487911285
 107.745444385039 171.84810631604 0.63513728348042
 14.9519256964963 178.10014964 0.537336150029609
 179.551736289025 176.112154767175 0.547032137487888
 109.251537700282 170.72386005325 0.521780074417277
 129.188719943457 172.873969858102 0.556213311800264
 290.767649865661 176.898381742802 0.526342295792701
 63.4756587589858 167.328397742797 0.573751861596785
 285.647248951364 174.852333461501 0.592127395617575
 113.233232089138 167.307238431226 0.602969809549358
 68.5224549132676 158.9812499268 0.531170810280709
 172.60581028184 164.958094916388 0.618719573431819
 168.598430497527 173.200282902898 0.483558565420487
 74.5953309420195 171.552316237662 0.561123722445132
 206.221129196591 174.226622509211 0.550805175449755
 276.652798339677 177.799974127972 0.549613143909718
 173.092820277741 176.885190299695 0.586347771611932
 347.982226288449 172.901493531538 0.572236335687315
 164.437672686237 168.174450308094 0.569805063435664
 179.537046167845 175.011478187437 0.518503815947067
 143.459204847201 166.587772287456 0.519072300724985
 46.8470410038803 166.681763297902 0.567555298917179
 260.576218307183 174.965484890183 0.582361788709758
 122.116790826491 170.916574406467 0.58342103133042
 109.32695510634 174.356581769749 0.539643774792026
 123.453670339988 170.576465942149 0.552546100308751
 171.726542840772 169.4899170651 0.566911819422441
 121.723690436011 170.042690167654 0.513855450774692
 27.3962963917143 172.791938735644 0.590675948928003
 36.0684872166376 179.25918961676 0.54022151927408
 224.759870550828 170.997848106976 0.509481211318874
 96.0786172261547 177.420390952604 0.612341318426936
 250.243016950381 173.491991442967 0.630447838734101
 108.168470996196 171.179785567386 0.598610471448781
 211.928117982399 178.65634455047 0.566304886589264
 147.128372220235 171.964247069872 0.533135311954069
 236.01081784112 174.532462155038 0.565110758716972
 106.50650200692 172.711922413436 0.571755128490764
 175.715983264411 175.512370106376 0.643522493131366
 75.5517993793604 168.805372343516 0.56116084939466
 156.418210993506 171.145044556899 0.588144847519325
 122.779288024249 159.650839477749 0.574445434533975
 161.129734278816 171.891603798971 0.58589020478427
 169.685924911094 175.207010904998 0.544138379731413
 201.656443826278 165.627533251775 0.600909407266252
 103.74746859917 161.426817467729 0.609980251315919
 223.4895040821 169.046064639113 0.540481581865508
 117.678369316583 172.094461765286 0.623209332325665
 120.042554664778 168.490483642878 0.537366971802167
 97.3883773837794 164.911916061793 0.580337126137844
 117.48293101785 174.06753814143 0.557256948325449
 222.297492924732 170.507245062375 0.584586531585845
 177.1632465863 174.565323875135 0.647944292605161
 93.9179181786032 156.842156463434 0.575777202042738
 54.1056056107866 178.301523210709 0.59386105688415
 132.350666524034 168.761202771154 0.581188641097072
 23.9690274908666 173.276532693528 0.579408916629327
 80.1646140846228 176.241693385562 0.592150785564014
 238.810026164486 169.264020038541 0.589169359753012
 121.491566002148 176.656620409479 0.565818498829861
 287.001819762035 167.841825925569 0.529914822753533
 137.999328152601 164.205100292151 0.566689915404206
 105.342920733289 162.652927165605 0.560966578796686
 16.3564862148289 175.267558339046 0.567273407429801
 119.420885250176 167.230401387373 0.533873232098332
 265.007719638079 174.24873368662 0.579709873245452
 106.822200150547 172.162038945171 0.576235517565579
 139.646878183525 167.672808862609 0.603192800355005
 57.3617603052951 174.763209061035 0.592246813803115
 200.972606890818 171.151206542951 0.538650056836294
 109.725909543772 171.539131790648 0.563148489957155
 127.722118575392 166.492915579182 0.571157631883742
 248.850657087119 168.900068112294 0.569880324507299
 80.8954468896115 174.50490319108 0.567848762077819
 139.443795036773 171.329693916543 0.610791020934106
 113.563035212578 167.79523680469 0.56249642311597
 144.33184351462 167.39148004665 0.62962461788977
 54.5124704853543 167.502433364337 0.533559596487888
 119.930895240343 167.33590476873 0.61974215367249
 104.14789291161 169.183391618448 0.507003982672172
 141.091972390589 168.917418715285 0.565646863268226
 86.0212672161772 174.803666962253 0.569770297226644
 113.614909115635 169.417200639109 0.661654232690636
 152.350674255507 164.115576091925 0.557038209948211
 56.6087021163463 165.151922810157 0.544910647367151
 100.527488937411 165.899119749204 0.58711648252585
 130.545490127915 162.398406391612 0.534762459359267
 118.208459799786 170.983965369324 0.620663483148213
 228.64142721039 176.224690141141 0.563159451750589
 167.537380138497 169.815236236221 0.633496829508209
 141.291032737886 171.405184851781 0.586142738572159
 237.023346188262 173.759302047491 0.592263399535809
 114.039942676065 159.051334809468 0.633233535989397
 59.7850986187739 178.743602298033 0.530512396953812
 102.371934049187 160.507061718522 0.507880902336404
 141.984048995481 172.207130373168 0.527388643742618
 76.081956086118 172.488692048099 0.515427205894074
 193.488556842089 175.714393049425 0.537893615067612
 151.697480253978 167.323858396712 0.601879387061281
 58.0354813148165 176.413537267179 0.59147305367034
 161.462197557402 176.87149389499 0.540627481460093
 37.6108208961301 167.888170275072 0.573674110884955
 135.771467433778 171.699154589608 0.539910775067391
 85.8068605680482 173.015722597031 0.530074927538219
 307.731733725931 175.211713652562 0.60189593621837
 73.5258294024741 176.632544332571 0.51737145843628
